1 0x1 0.1 0.1 1 1.000000e+1000 0 0 r r 0
1 0x1 0.5 0.1 1 1.000000e+1000 0 0 r r 0
1 0x1 0.9 0.1 1 1.000000e+1000 0 0 r r 0
2 0x1 0.1 0.1 1 0.1 0 0 r r 0
2 0x1 0.5 0.1 1 0.1 0 0 r r 0
2 0x1 0.9 0.1 1 0.1 0 0 r r 0
3 0x1 0.0 0.1 1 1.000000e+1000 1 1 r r 0
3 0x1 0.0 0.1 1 1.000000e+1000 1 2 r r 0
3 0x1 0.0 0.1 1 1.000000e+1000 1 3 r r 0
3 0x1 0.0 0.1 1 1.000000e+1000 1 4 r r 0
3 0x1 0.0 0.1 1 1.000000e+1000 1 5 r r 0
3 0x1 0.0 0.1 1 1.000000e+1000 1 6 r r 0
3 0x1 0.0 0.1 1 1.000000e+1000 1 7 r r 0
3 0x1 0.0 0.1 1 1.000000e+1000 1 8 r r 0
3 0x1 0.0 0.1 1 1.000000e+1000 1 9 r r 0
3 0x1 0.0 0.1 1 1.000000e+1000 1 10 r r 0
3 0x1 0.0 0.1 1 1.000000e+1000 1 11 r r 0
3 0x1 0.0 0.1 1 1.000000e+1000 1 12 r r 0
3 0x1 0.0 0.1 1 1.000000e+1000 1 13 r r 0
3 0x1 0.0 0.1 1 1.000000e+1000 1 14 r r 0
3 0x1 0.0 0.1 1 1.000000e+1000 1 15 r r 0
3 0x1 0.0 0.1 1 1.000000e+1000 1 16 r r 0
3 0x1 0.0 0.1 1 1.000000e+1000 1 17 r r 0
3 0x1 0.0 0.1 1 1.000000e+1000 1 18 r r 0
3 0x1 0.0 0.1 1 1.000000e+1000 1 19 r r 0
3 0x1 0.0 0.1 1 1.000000e+1000 1 20 r r 0
3 0x1 0.0 0.1 1 1.000000e+1000 1 21 r r 0
3 0x1 0.0 0.1 1 1.000000e+1000 1 22 r r 0
3 0x1 0.0 0.1 1 1.000000e+1000 1 23 r r 0
3 0x1 0.0 0.1 1 1.000000e+1000 1 24 r r 0
3 0x1 0.0 0.1 1 1.000000e+1000 1 25 r r 0
3 0x1 0.0 0.1 1 1.000000e+1000 1 26 r r 0
3 0x1 0.0 0.1 1 1.000000e+1000 1 27 r r 0
3 0x1 0.0 0.1 1 1.000000e+1000 1 28 r r 0
3 0x1 0.0 0.1 1 1.000000e+1000 1 29 r r 0
3 0x1 0.0 0.1 1 1.000000e+1000 1 30 r r 0
3 0x1 0.0 0.1 1 1.000000e+1000 1 31 r r 0
3 0x1 0.0 0.1 1 1.000000e+1000 1 32 r r 0
3 0x1 0.0 0.1 1 1.000000e+1000 1 33 r r 0
3 0x1 0.0 0.1 1 1.000000e+1000 1 34 r r 0
3 0x1 0.0 0.1 1 1.000000e+1000 1 35 r r 0
3 0x1 0.0 0.1 1 1.000000e+1000 1 36 r r 0
3 0x1 0.0 0.1 1 1.000000e+1000 1 37 r r 0
3 0x1 0.0 0.1 1 1.000000e+1000 1 38 r r 0
3 0x1 0.0 0.1 1 1.000000e+1000 1 39 r r 0
3 0x1 0.0 0.1 1 1.000000e+1000 1 40 r r 0
3 0x1 0.0 0.1 1 1.000000e+1000 1 41 r r 0
3 0x1 0.0 0.1 1 1.000000e+1000 1 42 r r 0
3 0x1 0.0 0.1 1 1.000000e+1000 1 43 r r 0
3 0x1 0.0 0.1 1 1.000000e+1000 1 44 r r 0
3 0x1 0.0 0.1 1 1.000000e+1000 1 45 r r 0
3 0x1 0.0 0.1 1 1.000000e+1000 1 46 r r 0
3 0x1 0.0 0.1 1 1.000000e+1000 1 47 r r 0
3 0x1 0.0 0.1 1 1.000000e+1000 1 48 r r 0
3 0x1 0.0 0.1 1 1.000000e+1000 1 49 r r 0
3 0x1 0.0 0.1 1 1.000000e+1000 1 50 r r 0
4 0x3 0.0 1.0 1 1 1 1 r r 0
4 0x3 0.0 1.0 1 1 1 2 r r 0
4 0x3 0.0 1.0 1 1 1 3 r r 0
4 0x3 0.0 1.0 1 1 1 4 r r 0
4 0x3 0.0 1.0 1 1 1 5 r r 0
4 0x3 0.0 1.0 1 1 1 6 r r 0
4 0x3 0.0 1.0 1 1 1 7 r r 0
4 0x3 0.0 1.0 1 1 1 8 r r 0
4 0x3 0.0 1.0 1 1 1 9 r r 0
4 0x3 0.0 1.0 1 1 1 10 r r 0
4 0x3 0.0 1.0 1 1 1 11 r r 0
4 0x3 0.0 1.0 1 1 1 12 r r 0
4 0x3 0.0 1.0 1 1 1 13 r r 0
4 0x3 0.0 1.0 1 1 1 14 r r 0
4 0x3 0.0 1.0 1 1 1 15 r r 0
4 0x3 0.0 1.0 1 1 1 16 r r 0
4 0x3 0.0 1.0 1 1 1 17 r r 0
4 0x3 0.0 1.0 1 1 1 18 r r 0
4 0x3 0.0 1.0 1 1 1 19 r r 0
4 0x3 0.0 1.0 1 1 1 20 r r 0
4 0x3 0.0 1.0 1 1 1 21 r r 0
4 0x3 0.0 1.0 1 1 1 22 r r 0
4 0x3 0.0 1.0 1 1 1 23 r r 0
4 0x3 0.0 1.0 1 1 1 24 r r 0
4 0x3 0.0 1.0 1 1 1 25 r r 0
4 0x3 0.0 1.0 1 1 1 26 r r 0
4 0x3 0.0 1.0 1 1 1 27 r r 0
4 0x3 0.0 1.0 1 1 1 28 r r 0
4 0x3 0.0 1.0 1 1 1 29 r r 0
4 0x3 0.0 1.0 1 1 1 30 r r 0
4 0x3 0.0 1.0 1 1 1 31 r r 0
4 0x3 0.0 1.0 1 1 1 32 r r 0
4 0x3 0.0 1.0 1 1 1 33 r r 0
4 0x3 0.0 1.0 1 1 1 34 r r 0
4 0x3 0.0 1.0 1 1 1 35 r r 0
4 0x3 0.0 1.0 1 1 1 36 r r 0
4 0x3 0.0 1.0 1 1 1 37 r r 0
4 0x3 0.0 1.0 1 1 1 38 r r 0
4 0x3 0.0 1.0 1 1 1 39 r r 0
4 0x3 0.0 1.0 1 1 1 40 r r 0
4 0x3 0.0 1.0 1 1 1 41 r r 0
4 0x3 0.0 1.0 1 1 1 42 r r 0
4 0x3 0.0 1.0 1 1 1 43 r r 0
4 0x3 0.0 1.0 1 1 1 44 r r 0
4 0x3 0.0 1.0 1 1 1 45 r r 0
4 0x3 0.0 1.0 1 1 1 46 r r 0
4 0x3 0.0 1.0 1 1 1 47 r r 0
4 0x3 0.0 1.0 1 1 1 48 r r 0
4 0x3 0.0 1.0 1 1 1 49 r r 0
4 0x3 0.0 1.0 1 1 1 50 r r 0
5 0x3 0.0 1.0 1 1.000000e+1000 1 1 r r 0
5 0x3 0.0 1.0 1 1.000000e+1000 1 2 r r 0
5 0x3 0.0 1.0 1 1.000000e+1000 1 3 r r 0
5 0x3 0.0 1.0 1 1.000000e+1000 1 4 r r 0
5 0x3 0.0 1.0 1 1.000000e+1000 1 5 r r 0
5 0x3 0.0 1.0 1 1.000000e+1000 1 6 r r 0
5 0x3 0.0 1.0 1 1.000000e+1000 1 7 r r 0
5 0x3 0.0 1.0 1 1.000000e+1000 1 8 r r 0
5 0x3 0.0 1.0 1 1.000000e+1000 1 9 r r 0
5 0x3 0.0 1.0 1 1.000000e+1000 1 10 r r 0
5 0x3 0.0 1.0 1 1.000000e+1000 1 11 r r 0
5 0x3 0.0 1.0 1 1.000000e+1000 1 12 r r 0
5 0x3 0.0 1.0 1 1.000000e+1000 1 13 r r 0
5 0x3 0.0 1.0 1 1.000000e+1000 1 14 r r 0
5 0x3 0.0 1.0 1 1.000000e+1000 1 15 r r 0
5 0x3 0.0 1.0 1 1.000000e+1000 1 16 r r 0
5 0x3 0.0 1.0 1 1.000000e+1000 1 17 r r 0
5 0x3 0.0 1.0 1 1.000000e+1000 1 18 r r 0
5 0x3 0.0 1.0 1 1.000000e+1000 1 19 r r 0
5 0x3 0.0 1.0 1 1.000000e+1000 1 20 r r 0
5 0x3 0.0 1.0 1 1.000000e+1000 1 21 r r 0
5 0x3 0.0 1.0 1 1.000000e+1000 1 22 r r 0
5 0x3 0.0 1.0 1 1.000000e+1000 1 23 r r 0
5 0x3 0.0 1.0 1 1.000000e+1000 1 24 r r 0
5 0x3 0.0 1.0 1 1.000000e+1000 1 25 r r 0
5 0x3 0.0 1.0 1 1.000000e+1000 1 26 r r 0
5 0x3 0.0 1.0 1 1.000000e+1000 1 27 r r 0
5 0x3 0.0 1.0 1 1.000000e+1000 1 28 r r 0
5 0x3 0.0 1.0 1 1.000000e+1000 1 29 r r 0
5 0x3 0.0 1.0 1 1.000000e+1000 1 30 r r 0
5 0x3 0.0 1.0 1 1.000000e+1000 1 31 r r 0
5 0x3 0.0 1.0 1 1.000000e+1000 1 32 r r 0
5 0x3 0.0 1.0 1 1.000000e+1000 1 33 r r 0
5 0x3 0.0 1.0 1 1.000000e+1000 1 34 r r 0
5 0x3 0.0 1.0 1 1.000000e+1000 1 35 r r 0
5 0x3 0.0 1.0 1 1.000000e+1000 1 36 r r 0
5 0x3 0.0 1.0 1 1.000000e+1000 1 37 r r 0
5 0x3 0.0 1.0 1 1.000000e+1000 1 38 r r 0
5 0x3 0.0 1.0 1 1.000000e+1000 1 39 r r 0
5 0x3 0.0 1.0 1 1.000000e+1000 1 40 r r 0
5 0x3 0.0 1.0 1 1.000000e+1000 1 41 r r 0
5 0x3 0.0 1.0 1 1.000000e+1000 1 42 r r 0
5 0x3 0.0 1.0 1 1.000000e+1000 1 43 r r 0
5 0x3 0.0 1.0 1 1.000000e+1000 1 44 r r 0
5 0x3 0.0 1.0 1 1.000000e+1000 1 45 r r 0
5 0x3 0.0 1.0 1 1.000000e+1000 1 46 r r 0
5 0x3 0.0 1.0 1 1.000000e+1000 1 47 r r 0
5 0x3 0.0 1.0 1 1.000000e+1000 1 48 r r 0
5 0x3 0.0 1.0 1 1.000000e+1000 1 49 r r 0
5 0x3 0.0 1.0 1 1.000000e+1000 1 50 r r 0
6 0x3 0.0 1.0 0.5 1 1 1 r r 0
6 0x3 0.0 1.0 0.5 1 1 2 r r 0
6 0x3 0.0 1.0 0.5 1 1 3 r r 0
6 0x3 0.0 1.0 0.5 1 1 4 r r 0
6 0x3 0.0 1.0 0.5 1 1 5 r r 0
6 0x3 0.0 1.0 0.5 1 1 6 r r 0
6 0x3 0.0 1.0 0.5 1 1 7 r r 0
6 0x3 0.0 1.0 0.5 1 1 8 r r 0
6 0x3 0.0 1.0 0.5 1 1 9 r r 0
6 0x3 0.0 1.0 0.5 1 1 10 r r 0
6 0x3 0.0 1.0 0.5 1 1 11 r r 0
6 0x3 0.0 1.0 0.5 1 1 12 r r 0
6 0x3 0.0 1.0 0.5 1 1 13 r r 0
6 0x3 0.0 1.0 0.5 1 1 14 r r 0
6 0x3 0.0 1.0 0.5 1 1 15 r r 0
6 0x3 0.0 1.0 0.5 1 1 16 r r 0
6 0x3 0.0 1.0 0.5 1 1 17 r r 0
6 0x3 0.0 1.0 0.5 1 1 18 r r 0
6 0x3 0.0 1.0 0.5 1 1 19 r r 0
6 0x3 0.0 1.0 0.5 1 1 20 r r 0
6 0x3 0.0 1.0 0.5 1 1 21 r r 0
6 0x3 0.0 1.0 0.5 1 1 22 r r 0
6 0x3 0.0 1.0 0.5 1 1 23 r r 0
6 0x3 0.0 1.0 0.5 1 1 24 r r 0
6 0x3 0.0 1.0 0.5 1 1 25 r r 0
6 0x3 0.0 1.0 0.5 1 1 26 r r 0
6 0x3 0.0 1.0 0.5 1 1 27 r r 0
6 0x3 0.0 1.0 0.5 1 1 28 r r 0
6 0x3 0.0 1.0 0.5 1 1 29 r r 0
6 0x3 0.0 1.0 0.5 1 1 30 r r 0
6 0x3 0.0 1.0 0.5 1 1 31 r r 0
6 0x3 0.0 1.0 0.5 1 1 32 r r 0
6 0x3 0.0 1.0 0.5 1 1 33 r r 0
6 0x3 0.0 1.0 0.5 1 1 34 r r 0
6 0x3 0.0 1.0 0.5 1 1 35 r r 0
6 0x3 0.0 1.0 0.5 1 1 36 r r 0
6 0x3 0.0 1.0 0.5 1 1 37 r r 0
6 0x3 0.0 1.0 0.5 1 1 38 r r 0
6 0x3 0.0 1.0 0.5 1 1 39 r r 0
6 0x3 0.0 1.0 0.5 1 1 40 r r 0
6 0x3 0.0 1.0 0.5 1 1 41 r r 0
6 0x3 0.0 1.0 0.5 1 1 42 r r 0
6 0x3 0.0 1.0 0.5 1 1 43 r r 0
6 0x3 0.0 1.0 0.5 1 1 44 r r 0
6 0x3 0.0 1.0 0.5 1 1 45 r r 0
6 0x3 0.0 1.0 0.5 1 1 46 r r 0
6 0x3 0.0 1.0 0.5 1 1 47 r r 0
6 0x3 0.0 1.0 0.5 1 1 48 r r 0
6 0x3 0.0 1.0 0.5 1 1 49 r r 0
6 0x3 0.0 1.0 0.5 1 1 50 r r 0
4 0x3 0.0 1.0 1 1 1 1 r f 0
4 0x3 0.0 1.0 1 1 1 2 r f 0
4 0x3 0.0 1.0 1 1 1 3 r f 0
4 0x3 0.0 1.0 1 1 1 4 r f 0
4 0x3 0.0 1.0 1 1 1 5 r f 0
4 0x3 0.0 1.0 1 1 1 6 r f 0
4 0x3 0.0 1.0 1 1 1 7 r f 0
4 0x3 0.0 1.0 1 1 1 8 r f 0
4 0x3 0.0 1.0 1 1 1 9 r f 0
4 0x3 0.0 1.0 1 1 1 10 r f 0
4 0x3 0.0 1.0 1 1 1 11 r f 0
4 0x3 0.0 1.0 1 1 1 12 r f 0
4 0x3 0.0 1.0 1 1 1 13 r f 0
4 0x3 0.0 1.0 1 1 1 14 r f 0
4 0x3 0.0 1.0 1 1 1 15 r f 0
4 0x3 0.0 1.0 1 1 1 16 r f 0
4 0x3 0.0 1.0 1 1 1 17 r f 0
4 0x3 0.0 1.0 1 1 1 18 r f 0
4 0x3 0.0 1.0 1 1 1 19 r f 0
4 0x3 0.0 1.0 1 1 1 20 r f 0
4 0x3 0.0 1.0 1 1 1 21 r f 0
4 0x3 0.0 1.0 1 1 1 22 r f 0
4 0x3 0.0 1.0 1 1 1 23 r f 0
4 0x3 0.0 1.0 1 1 1 24 r f 0
4 0x3 0.0 1.0 1 1 1 25 r f 0
4 0x3 0.0 1.0 1 1 1 26 r f 0
4 0x3 0.0 1.0 1 1 1 27 r f 0
4 0x3 0.0 1.0 1 1 1 28 r f 0
4 0x3 0.0 1.0 1 1 1 29 r f 0
4 0x3 0.0 1.0 1 1 1 30 r f 0
4 0x3 0.0 1.0 1 1 1 31 r f 0
4 0x3 0.0 1.0 1 1 1 32 r f 0
4 0x3 0.0 1.0 1 1 1 33 r f 0
4 0x3 0.0 1.0 1 1 1 34 r f 0
4 0x3 0.0 1.0 1 1 1 35 r f 0
4 0x3 0.0 1.0 1 1 1 36 r f 0
4 0x3 0.0 1.0 1 1 1 37 r f 0
4 0x3 0.0 1.0 1 1 1 38 r f 0
4 0x3 0.0 1.0 1 1 1 39 r f 0
4 0x3 0.0 1.0 1 1 1 40 r f 0
4 0x3 0.0 1.0 1 1 1 41 r f 0
4 0x3 0.0 1.0 1 1 1 42 r f 0
4 0x3 0.0 1.0 1 1 1 43 r f 0
4 0x3 0.0 1.0 1 1 1 44 r f 0
4 0x3 0.0 1.0 1 1 1 45 r f 0
4 0x3 0.0 1.0 1 1 1 46 r f 0
4 0x3 0.0 1.0 1 1 1 47 r f 0
4 0x3 0.0 1.0 1 1 1 48 r f 0
4 0x3 0.0 1.0 1 1 1 49 r f 0
4 0x3 0.0 1.0 1 1 1 50 r f 0
5 0x3 0.0 1.0 1 1.000000e+1000 1 1 r f 0
5 0x3 0.0 1.0 1 1.000000e+1000 1 2 r f 0
5 0x3 0.0 1.0 1 1.000000e+1000 1 3 r f 0
5 0x3 0.0 1.0 1 1.000000e+1000 1 4 r f 0
5 0x3 0.0 1.0 1 1.000000e+1000 1 5 r f 0
5 0x3 0.0 1.0 1 1.000000e+1000 1 6 r f 0
5 0x3 0.0 1.0 1 1.000000e+1000 1 7 r f 0
5 0x3 0.0 1.0 1 1.000000e+1000 1 8 r f 0
5 0x3 0.0 1.0 1 1.000000e+1000 1 9 r f 0
5 0x3 0.0 1.0 1 1.000000e+1000 1 10 r f 0
5 0x3 0.0 1.0 1 1.000000e+1000 1 11 r f 0
5 0x3 0.0 1.0 1 1.000000e+1000 1 12 r f 0
5 0x3 0.0 1.0 1 1.000000e+1000 1 13 r f 0
5 0x3 0.0 1.0 1 1.000000e+1000 1 14 r f 0
5 0x3 0.0 1.0 1 1.000000e+1000 1 15 r f 0
5 0x3 0.0 1.0 1 1.000000e+1000 1 16 r f 0
5 0x3 0.0 1.0 1 1.000000e+1000 1 17 r f 0
5 0x3 0.0 1.0 1 1.000000e+1000 1 18 r f 0
5 0x3 0.0 1.0 1 1.000000e+1000 1 19 r f 0
5 0x3 0.0 1.0 1 1.000000e+1000 1 20 r f 0
5 0x3 0.0 1.0 1 1.000000e+1000 1 21 r f 0
5 0x3 0.0 1.0 1 1.000000e+1000 1 22 r f 0
5 0x3 0.0 1.0 1 1.000000e+1000 1 23 r f 0
5 0x3 0.0 1.0 1 1.000000e+1000 1 24 r f 0
5 0x3 0.0 1.0 1 1.000000e+1000 1 25 r f 0
5 0x3 0.0 1.0 1 1.000000e+1000 1 26 r f 0
5 0x3 0.0 1.0 1 1.000000e+1000 1 27 r f 0
5 0x3 0.0 1.0 1 1.000000e+1000 1 28 r f 0
5 0x3 0.0 1.0 1 1.000000e+1000 1 29 r f 0
5 0x3 0.0 1.0 1 1.000000e+1000 1 30 r f 0
5 0x3 0.0 1.0 1 1.000000e+1000 1 31 r f 0
5 0x3 0.0 1.0 1 1.000000e+1000 1 32 r f 0
5 0x3 0.0 1.0 1 1.000000e+1000 1 33 r f 0
5 0x3 0.0 1.0 1 1.000000e+1000 1 34 r f 0
5 0x3 0.0 1.0 1 1.000000e+1000 1 35 r f 0
5 0x3 0.0 1.0 1 1.000000e+1000 1 36 r f 0
5 0x3 0.0 1.0 1 1.000000e+1000 1 37 r f 0
5 0x3 0.0 1.0 1 1.000000e+1000 1 38 r f 0
5 0x3 0.0 1.0 1 1.000000e+1000 1 39 r f 0
5 0x3 0.0 1.0 1 1.000000e+1000 1 40 r f 0
5 0x3 0.0 1.0 1 1.000000e+1000 1 41 r f 0
5 0x3 0.0 1.0 1 1.000000e+1000 1 42 r f 0
5 0x3 0.0 1.0 1 1.000000e+1000 1 43 r f 0
5 0x3 0.0 1.0 1 1.000000e+1000 1 44 r f 0
5 0x3 0.0 1.0 1 1.000000e+1000 1 45 r f 0
5 0x3 0.0 1.0 1 1.000000e+1000 1 46 r f 0
5 0x3 0.0 1.0 1 1.000000e+1000 1 47 r f 0
5 0x3 0.0 1.0 1 1.000000e+1000 1 48 r f 0
5 0x3 0.0 1.0 1 1.000000e+1000 1 49 r f 0
5 0x3 0.0 1.0 1 1.000000e+1000 1 50 r f 0
6 0x3 0.0 1.0 0.5 1 1 1 r f 0
6 0x3 0.0 1.0 0.5 1 1 2 r f 0
6 0x3 0.0 1.0 0.5 1 1 3 r f 0
6 0x3 0.0 1.0 0.5 1 1 4 r f 0
6 0x3 0.0 1.0 0.5 1 1 5 r f 0
6 0x3 0.0 1.0 0.5 1 1 6 r f 0
6 0x3 0.0 1.0 0.5 1 1 7 r f 0
6 0x3 0.0 1.0 0.5 1 1 8 r f 0
6 0x3 0.0 1.0 0.5 1 1 9 r f 0
6 0x3 0.0 1.0 0.5 1 1 10 r f 0
6 0x3 0.0 1.0 0.5 1 1 11 r f 0
6 0x3 0.0 1.0 0.5 1 1 12 r f 0
6 0x3 0.0 1.0 0.5 1 1 13 r f 0
6 0x3 0.0 1.0 0.5 1 1 14 r f 0
6 0x3 0.0 1.0 0.5 1 1 15 r f 0
6 0x3 0.0 1.0 0.5 1 1 16 r f 0
6 0x3 0.0 1.0 0.5 1 1 17 r f 0
6 0x3 0.0 1.0 0.5 1 1 18 r f 0
6 0x3 0.0 1.0 0.5 1 1 19 r f 0
6 0x3 0.0 1.0 0.5 1 1 20 r f 0
6 0x3 0.0 1.0 0.5 1 1 21 r f 0
6 0x3 0.0 1.0 0.5 1 1 22 r f 0
6 0x3 0.0 1.0 0.5 1 1 23 r f 0
6 0x3 0.0 1.0 0.5 1 1 24 r f 0
6 0x3 0.0 1.0 0.5 1 1 25 r f 0
6 0x3 0.0 1.0 0.5 1 1 26 r f 0
6 0x3 0.0 1.0 0.5 1 1 27 r f 0
6 0x3 0.0 1.0 0.5 1 1 28 r f 0
6 0x3 0.0 1.0 0.5 1 1 29 r f 0
6 0x3 0.0 1.0 0.5 1 1 30 r f 0
6 0x3 0.0 1.0 0.5 1 1 31 r f 0
6 0x3 0.0 1.0 0.5 1 1 32 r f 0
6 0x3 0.0 1.0 0.5 1 1 33 r f 0
6 0x3 0.0 1.0 0.5 1 1 34 r f 0
6 0x3 0.0 1.0 0.5 1 1 35 r f 0
6 0x3 0.0 1.0 0.5 1 1 36 r f 0
6 0x3 0.0 1.0 0.5 1 1 37 r f 0
6 0x3 0.0 1.0 0.5 1 1 38 r f 0
6 0x3 0.0 1.0 0.5 1 1 39 r f 0
6 0x3 0.0 1.0 0.5 1 1 40 r f 0
6 0x3 0.0 1.0 0.5 1 1 41 r f 0
6 0x3 0.0 1.0 0.5 1 1 42 r f 0
6 0x3 0.0 1.0 0.5 1 1 43 r f 0
6 0x3 0.0 1.0 0.5 1 1 44 r f 0
6 0x3 0.0 1.0 0.5 1 1 45 r f 0
6 0x3 0.0 1.0 0.5 1 1 46 r f 0
6 0x3 0.0 1.0 0.5 1 1 47 r f 0
6 0x3 0.0 1.0 0.5 1 1 48 r f 0
6 0x3 0.0 1.0 0.5 1 1 49 r f 0
6 0x3 0.0 1.0 0.5 1 1 50 r f 0
4 0x3ff 0.0 1.0 1 1 1 1 r r 0
4 0x3ff 0.0 1.0 1 1 1 2 r r 0
4 0x3ff 0.0 1.0 1 1 1 3 r r 0
4 0x3ff 0.0 1.0 1 1 1 4 r r 0
4 0x3ff 0.0 1.0 1 1 1 5 r r 0
4 0x3ff 0.0 1.0 1 1 1 6 r r 0
4 0x3ff 0.0 1.0 1 1 1 7 r r 0
4 0x3ff 0.0 1.0 1 1 1 8 r r 0
4 0x3ff 0.0 1.0 1 1 1 9 r r 0
4 0x3ff 0.0 1.0 1 1 1 10 r r 0
4 0x3ff 0.0 1.0 1 1 1 11 r r 0
4 0x3ff 0.0 1.0 1 1 1 12 r r 0
4 0x3ff 0.0 1.0 1 1 1 13 r r 0
4 0x3ff 0.0 1.0 1 1 1 14 r r 0
4 0x3ff 0.0 1.0 1 1 1 15 r r 0
4 0x3ff 0.0 1.0 1 1 1 16 r r 0
4 0x3ff 0.0 1.0 1 1 1 17 r r 0
4 0x3ff 0.0 1.0 1 1 1 18 r r 0
4 0x3ff 0.0 1.0 1 1 1 19 r r 0
4 0x3ff 0.0 1.0 1 1 1 20 r r 0
4 0x3ff 0.0 1.0 1 1 1 21 r r 0
4 0x3ff 0.0 1.0 1 1 1 22 r r 0
4 0x3ff 0.0 1.0 1 1 1 23 r r 0
4 0x3ff 0.0 1.0 1 1 1 24 r r 0
4 0x3ff 0.0 1.0 1 1 1 25 r r 0
4 0x3ff 0.0 1.0 1 1 1 26 r r 0
4 0x3ff 0.0 1.0 1 1 1 27 r r 0
4 0x3ff 0.0 1.0 1 1 1 28 r r 0
4 0x3ff 0.0 1.0 1 1 1 29 r r 0
4 0x3ff 0.0 1.0 1 1 1 30 r r 0
4 0x3ff 0.0 1.0 1 1 1 31 r r 0
4 0x3ff 0.0 1.0 1 1 1 32 r r 0
4 0x3ff 0.0 1.0 1 1 1 33 r r 0
4 0x3ff 0.0 1.0 1 1 1 34 r r 0
4 0x3ff 0.0 1.0 1 1 1 35 r r 0
4 0x3ff 0.0 1.0 1 1 1 36 r r 0
4 0x3ff 0.0 1.0 1 1 1 37 r r 0
4 0x3ff 0.0 1.0 1 1 1 38 r r 0
4 0x3ff 0.0 1.0 1 1 1 39 r r 0
4 0x3ff 0.0 1.0 1 1 1 40 r r 0
4 0x3ff 0.0 1.0 1 1 1 41 r r 0
4 0x3ff 0.0 1.0 1 1 1 42 r r 0
4 0x3ff 0.0 1.0 1 1 1 43 r r 0
4 0x3ff 0.0 1.0 1 1 1 44 r r 0
4 0x3ff 0.0 1.0 1 1 1 45 r r 0
4 0x3ff 0.0 1.0 1 1 1 46 r r 0
4 0x3ff 0.0 1.0 1 1 1 47 r r 0
4 0x3ff 0.0 1.0 1 1 1 48 r r 0
4 0x3ff 0.0 1.0 1 1 1 49 r r 0
4 0x3ff 0.0 1.0 1 1 1 50 r r 0
5 0x3ff 0.0 1.0 1 1.000000e+1000 1 1 r r 0
5 0x3ff 0.0 1.0 1 1.000000e+1000 1 2 r r 0
5 0x3ff 0.0 1.0 1 1.000000e+1000 1 3 r r 0
5 0x3ff 0.0 1.0 1 1.000000e+1000 1 4 r r 0
5 0x3ff 0.0 1.0 1 1.000000e+1000 1 5 r r 0
5 0x3ff 0.0 1.0 1 1.000000e+1000 1 6 r r 0
5 0x3ff 0.0 1.0 1 1.000000e+1000 1 7 r r 0
5 0x3ff 0.0 1.0 1 1.000000e+1000 1 8 r r 0
5 0x3ff 0.0 1.0 1 1.000000e+1000 1 9 r r 0
5 0x3ff 0.0 1.0 1 1.000000e+1000 1 10 r r 0
5 0x3ff 0.0 1.0 1 1.000000e+1000 1 11 r r 0
5 0x3ff 0.0 1.0 1 1.000000e+1000 1 12 r r 0
5 0x3ff 0.0 1.0 1 1.000000e+1000 1 13 r r 0
5 0x3ff 0.0 1.0 1 1.000000e+1000 1 14 r r 0
5 0x3ff 0.0 1.0 1 1.000000e+1000 1 15 r r 0
5 0x3ff 0.0 1.0 1 1.000000e+1000 1 16 r r 0
5 0x3ff 0.0 1.0 1 1.000000e+1000 1 17 r r 0
5 0x3ff 0.0 1.0 1 1.000000e+1000 1 18 r r 0
5 0x3ff 0.0 1.0 1 1.000000e+1000 1 19 r r 0
5 0x3ff 0.0 1.0 1 1.000000e+1000 1 20 r r 0
5 0x3ff 0.0 1.0 1 1.000000e+1000 1 21 r r 0
5 0x3ff 0.0 1.0 1 1.000000e+1000 1 22 r r 0
5 0x3ff 0.0 1.0 1 1.000000e+1000 1 23 r r 0
5 0x3ff 0.0 1.0 1 1.000000e+1000 1 24 r r 0
5 0x3ff 0.0 1.0 1 1.000000e+1000 1 25 r r 0
5 0x3ff 0.0 1.0 1 1.000000e+1000 1 26 r r 0
5 0x3ff 0.0 1.0 1 1.000000e+1000 1 27 r r 0
5 0x3ff 0.0 1.0 1 1.000000e+1000 1 28 r r 0
5 0x3ff 0.0 1.0 1 1.000000e+1000 1 29 r r 0
5 0x3ff 0.0 1.0 1 1.000000e+1000 1 30 r r 0
5 0x3ff 0.0 1.0 1 1.000000e+1000 1 31 r r 0
5 0x3ff 0.0 1.0 1 1.000000e+1000 1 32 r r 0
5 0x3ff 0.0 1.0 1 1.000000e+1000 1 33 r r 0
5 0x3ff 0.0 1.0 1 1.000000e+1000 1 34 r r 0
5 0x3ff 0.0 1.0 1 1.000000e+1000 1 35 r r 0
5 0x3ff 0.0 1.0 1 1.000000e+1000 1 36 r r 0
5 0x3ff 0.0 1.0 1 1.000000e+1000 1 37 r r 0
5 0x3ff 0.0 1.0 1 1.000000e+1000 1 38 r r 0
5 0x3ff 0.0 1.0 1 1.000000e+1000 1 39 r r 0
5 0x3ff 0.0 1.0 1 1.000000e+1000 1 40 r r 0
5 0x3ff 0.0 1.0 1 1.000000e+1000 1 41 r r 0
5 0x3ff 0.0 1.0 1 1.000000e+1000 1 42 r r 0
5 0x3ff 0.0 1.0 1 1.000000e+1000 1 43 r r 0
5 0x3ff 0.0 1.0 1 1.000000e+1000 1 44 r r 0
5 0x3ff 0.0 1.0 1 1.000000e+1000 1 45 r r 0
5 0x3ff 0.0 1.0 1 1.000000e+1000 1 46 r r 0
5 0x3ff 0.0 1.0 1 1.000000e+1000 1 47 r r 0
5 0x3ff 0.0 1.0 1 1.000000e+1000 1 48 r r 0
5 0x3ff 0.0 1.0 1 1.000000e+1000 1 49 r r 0
5 0x3ff 0.0 1.0 1 1.000000e+1000 1 50 r r 0
6 0x3ff 0.0 1.0 0.5 1 1 1 r r 0
6 0x3ff 0.0 1.0 0.5 1 1 2 r r 0
6 0x3ff 0.0 1.0 0.5 1 1 3 r r 0
6 0x3ff 0.0 1.0 0.5 1 1 4 r r 0
6 0x3ff 0.0 1.0 0.5 1 1 5 r r 0
6 0x3ff 0.0 1.0 0.5 1 1 6 r r 0
6 0x3ff 0.0 1.0 0.5 1 1 7 r r 0
6 0x3ff 0.0 1.0 0.5 1 1 8 r r 0
6 0x3ff 0.0 1.0 0.5 1 1 9 r r 0
6 0x3ff 0.0 1.0 0.5 1 1 10 r r 0
6 0x3ff 0.0 1.0 0.5 1 1 11 r r 0
6 0x3ff 0.0 1.0 0.5 1 1 12 r r 0
6 0x3ff 0.0 1.0 0.5 1 1 13 r r 0
6 0x3ff 0.0 1.0 0.5 1 1 14 r r 0
6 0x3ff 0.0 1.0 0.5 1 1 15 r r 0
6 0x3ff 0.0 1.0 0.5 1 1 16 r r 0
6 0x3ff 0.0 1.0 0.5 1 1 17 r r 0
6 0x3ff 0.0 1.0 0.5 1 1 18 r r 0
6 0x3ff 0.0 1.0 0.5 1 1 19 r r 0
6 0x3ff 0.0 1.0 0.5 1 1 20 r r 0
6 0x3ff 0.0 1.0 0.5 1 1 21 r r 0
6 0x3ff 0.0 1.0 0.5 1 1 22 r r 0
6 0x3ff 0.0 1.0 0.5 1 1 23 r r 0
6 0x3ff 0.0 1.0 0.5 1 1 24 r r 0
6 0x3ff 0.0 1.0 0.5 1 1 25 r r 0
6 0x3ff 0.0 1.0 0.5 1 1 26 r r 0
6 0x3ff 0.0 1.0 0.5 1 1 27 r r 0
6 0x3ff 0.0 1.0 0.5 1 1 28 r r 0
6 0x3ff 0.0 1.0 0.5 1 1 29 r r 0
6 0x3ff 0.0 1.0 0.5 1 1 30 r r 0
6 0x3ff 0.0 1.0 0.5 1 1 31 r r 0
6 0x3ff 0.0 1.0 0.5 1 1 32 r r 0
6 0x3ff 0.0 1.0 0.5 1 1 33 r r 0
6 0x3ff 0.0 1.0 0.5 1 1 34 r r 0
6 0x3ff 0.0 1.0 0.5 1 1 35 r r 0
6 0x3ff 0.0 1.0 0.5 1 1 36 r r 0
6 0x3ff 0.0 1.0 0.5 1 1 37 r r 0
6 0x3ff 0.0 1.0 0.5 1 1 38 r r 0
6 0x3ff 0.0 1.0 0.5 1 1 39 r r 0
6 0x3ff 0.0 1.0 0.5 1 1 40 r r 0
6 0x3ff 0.0 1.0 0.5 1 1 41 r r 0
6 0x3ff 0.0 1.0 0.5 1 1 42 r r 0
6 0x3ff 0.0 1.0 0.5 1 1 43 r r 0
6 0x3ff 0.0 1.0 0.5 1 1 44 r r 0
6 0x3ff 0.0 1.0 0.5 1 1 45 r r 0
6 0x3ff 0.0 1.0 0.5 1 1 46 r r 0
6 0x3ff 0.0 1.0 0.5 1 1 47 r r 0
6 0x3ff 0.0 1.0 0.5 1 1 48 r r 0
6 0x3ff 0.0 1.0 0.5 1 1 49 r r 0
6 0x3ff 0.0 1.0 0.5 1 1 50 r r 0
5 0x3 0.0 1.0 1 1.000000e+1000 1 50 r r 0
5 0x3 0.0 1.0 1 1.000000e+1000 1 50 r r 0
5 0x3 0.0 1.0 1 1.000000e+1000 1 50 r r 0
5 0x3 0.0 1.0 1 1.000000e+1000 1 50 r r 0
5 0x3 0.0 1.0 1 1.000000e+1000 1 50 r r 0
5 0x3 0.0 1.0 1 1.000000e+1000 1 50 r r 0
5 0x3 0.0 1.0 1 1.000000e+1000 1 50 r r 0
5 0x3 0.0 1.0 1 1.000000e+1000 1 50 r r 0
5 0x3 0.0 1.0 1 1.000000e+1000 1 50 r r 0
5 0x3 0.0 1.0 1 1.000000e+1000 1 50 r r 0
5 0x3 0.0 1.0 1 1.000000e+1000 1 50 r r 0
5 0x3 0.0 1.0 1 1.000000e+1000 1 50 r r 0
5 0x3 0.0 1.0 1 1.000000e+1000 1 50 r r 0
5 0x3 0.0 1.0 1 1.000000e+1000 1 50 r r 0
5 0x3 0.0 1.0 1 1.000000e+1000 1 50 r r 0
5 0x3 0.0 1.0 1 1.000000e+1000 1 50 r r 0
5 0x3 0.0 1.0 1 1.000000e+1000 1 50 r r 0
5 0x3 0.0 1.0 1 1.000000e+1000 1 50 r r 0
5 0x3 0.0 1.0 1 1.000000e+1000 1 50 r r 0
5 0x3 0.0 1.0 1 1.000000e+1000 1 50 r r 0
5 0x3 0.0 1.0 1 1.000000e+1000 1 50 r r 0
5 0x3 0.0 1.0 1 1.000000e+1000 1 50 r r 0
5 0x3 0.0 1.0 1 1.000000e+1000 1 50 r r 0
5 0x3 0.0 1.0 1 1.000000e+1000 1 50 r r 0
5 0x3 0.0 1.0 1 1.000000e+1000 1 50 r r 0
5 0x3 0.0 1.0 1 1.000000e+1000 1 50 r r 0
5 0x3 0.0 1.0 1 1.000000e+1000 1 50 r r 0
5 0x3 0.0 1.0 1 1.000000e+1000 1 50 r r 0
5 0x3 0.0 1.0 1 1.000000e+1000 1 50 r r 0
5 0x3 0.0 1.0 1 1.000000e+1000 1 50 r r 0
5 0x3 0.0 1.0 1 1.000000e+1000 1 50 r f 0
5 0x3 0.0 1.0 1 1.000000e+1000 1 50 r f 0
5 0x3 0.0 1.0 1 1.000000e+1000 1 50 r f 0
5 0x3 0.0 1.0 1 1.000000e+1000 1 50 r f 0
5 0x3 0.0 1.0 1 1.000000e+1000 1 50 r f 0
5 0x3 0.0 1.0 1 1.000000e+1000 1 50 r f 0
5 0x3 0.0 1.0 1 1.000000e+1000 1 50 r f 0
5 0x3 0.0 1.0 1 1.000000e+1000 1 50 r f 0
5 0x3 0.0 1.0 1 1.000000e+1000 1 50 r f 0
5 0x3 0.0 1.0 1 1.000000e+1000 1 50 r f 0
5 0x3 0.0 1.0 1 1.000000e+1000 1 50 r f 0
5 0x3 0.0 1.0 1 1.000000e+1000 1 50 r f 0
5 0x3 0.0 1.0 1 1.000000e+1000 1 50 r f 0
5 0x3 0.0 1.0 1 1.000000e+1000 1 50 r f 0
5 0x3 0.0 1.0 1 1.000000e+1000 1 50 r f 0
5 0x3 0.0 1.0 1 1.000000e+1000 1 50 r f 0
5 0x3 0.0 1.0 1 1.000000e+1000 1 50 r f 0
5 0x3 0.0 1.0 1 1.000000e+1000 1 50 r f 0
5 0x3 0.0 1.0 1 1.000000e+1000 1 50 r f 0
5 0x3 0.0 1.0 1 1.000000e+1000 1 50 r f 0
5 0x3 0.0 1.0 1 1.000000e+1000 1 50 r f 0
5 0x3 0.0 1.0 1 1.000000e+1000 1 50 r f 0
5 0x3 0.0 1.0 1 1.000000e+1000 1 50 r f 0
5 0x3 0.0 1.0 1 1.000000e+1000 1 50 r f 0
5 0x3 0.0 1.0 1 1.000000e+1000 1 50 r f 0
5 0x3 0.0 1.0 1 1.000000e+1000 1 50 r f 0
5 0x3 0.0 1.0 1 1.000000e+1000 1 50 r f 0
5 0x3 0.0 1.0 1 1.000000e+1000 1 50 r f 0
5 0x3 0.0 1.0 1 1.000000e+1000 1 50 r f 0
5 0x3 0.0 1.0 1 1.000000e+1000 1 50 r f 0
5 0x3 0.0 1.0 1 1.000000e+1000 1 50 r r 2
5 0x3 0.0 1.0 1 1.000000e+1000 1 50 r r 2
5 0x3 0.0 1.0 1 1.000000e+1000 1 50 r r 2
5 0x3 0.0 1.0 1 1.000000e+1000 1 50 r r 2
5 0x3 0.0 1.0 1 1.000000e+1000 1 50 r r 2
5 0x3 0.0 1.0 1 1.000000e+1000 1 50 r r 2
5 0x3 0.0 1.0 1 1.000000e+1000 1 50 r r 2
5 0x3 0.0 1.0 1 1.000000e+1000 1 50 r r 2
5 0x3 0.0 1.0 1 1.000000e+1000 1 50 r r 2
5 0x3 0.0 1.0 1 1.000000e+1000 1 50 r r 2
5 0x3 0.0 1.0 1 1.000000e+1000 1 50 r r 2
5 0x3 0.0 1.0 1 1.000000e+1000 1 50 r r 2
5 0x3 0.0 1.0 1 1.000000e+1000 1 50 r r 2
5 0x3 0.0 1.0 1 1.000000e+1000 1 50 r r 2
5 0x3 0.0 1.0 1 1.000000e+1000 1 50 r r 2
5 0x3 0.0 1.0 1 1.000000e+1000 1 50 r r 2
5 0x3 0.0 1.0 1 1.000000e+1000 1 50 r r 2
5 0x3 0.0 1.0 1 1.000000e+1000 1 50 r r 2
5 0x3 0.0 1.0 1 1.000000e+1000 1 50 r r 2
5 0x3 0.0 1.0 1 1.000000e+1000 1 50 r r 2
5 0x3 0.0 1.0 1 1.000000e+1000 1 50 r r 2
5 0x3 0.0 1.0 1 1.000000e+1000 1 50 r r 2
5 0x3 0.0 1.0 1 1.000000e+1000 1 50 r r 2
5 0x3 0.0 1.0 1 1.000000e+1000 1 50 r r 2
5 0x3 0.0 1.0 1 1.000000e+1000 1 50 r r 2
5 0x3 0.0 1.0 1 1.000000e+1000 1 50 r r 2
5 0x3 0.0 1.0 1 1.000000e+1000 1 50 r r 2
5 0x3 0.0 1.0 1 1.000000e+1000 1 50 r r 2
5 0x3 0.0 1.0 1 1.000000e+1000 1 50 r r 2
5 0x3 0.0 1.0 1 1.000000e+1000 1 50 r r 2
5 0x3 0.0 1.0 1 1.000000e+1000 1 50 r f 2
5 0x3 0.0 1.0 1 1.000000e+1000 1 50 r f 2
5 0x3 0.0 1.0 1 1.000000e+1000 1 50 r f 2
5 0x3 0.0 1.0 1 1.000000e+1000 1 50 r f 2
5 0x3 0.0 1.0 1 1.000000e+1000 1 50 r f 2
5 0x3 0.0 1.0 1 1.000000e+1000 1 50 r f 2
5 0x3 0.0 1.0 1 1.000000e+1000 1 50 r f 2
5 0x3 0.0 1.0 1 1.000000e+1000 1 50 r f 2
5 0x3 0.0 1.0 1 1.000000e+1000 1 50 r f 2
5 0x3 0.0 1.0 1 1.000000e+1000 1 50 r f 2
5 0x3 0.0 1.0 1 1.000000e+1000 1 50 r f 2
5 0x3 0.0 1.0 1 1.000000e+1000 1 50 r f 2
5 0x3 0.0 1.0 1 1.000000e+1000 1 50 r f 2
5 0x3 0.0 1.0 1 1.000000e+1000 1 50 r f 2
5 0x3 0.0 1.0 1 1.000000e+1000 1 50 r f 2
5 0x3 0.0 1.0 1 1.000000e+1000 1 50 r f 2
5 0x3 0.0 1.0 1 1.000000e+1000 1 50 r f 2
5 0x3 0.0 1.0 1 1.000000e+1000 1 50 r f 2
5 0x3 0.0 1.0 1 1.000000e+1000 1 50 r f 2
5 0x3 0.0 1.0 1 1.000000e+1000 1 50 r f 2
5 0x3 0.0 1.0 1 1.000000e+1000 1 50 r f 2
5 0x3 0.0 1.0 1 1.000000e+1000 1 50 r f 2
5 0x3 0.0 1.0 1 1.000000e+1000 1 50 r f 2
5 0x3 0.0 1.0 1 1.000000e+1000 1 50 r f 2
5 0x3 0.0 1.0 1 1.000000e+1000 1 50 r f 2
5 0x3 0.0 1.0 1 1.000000e+1000 1 50 r f 2
5 0x3 0.0 1.0 1 1.000000e+1000 1 50 r f 2
5 0x3 0.0 1.0 1 1.000000e+1000 1 50 r f 2
5 0x3 0.0 1.0 1 1.000000e+1000 1 50 r f 2
5 0x3 0.0 1.0 1 1.000000e+1000 1 50 r f 2
0
















#cenário arquivo lambda mu U gamma probRecomendação populaçãoInicial políticaPeer políticaBloco
